Two Sided Runge-Kutta Method, h = 0.5
y_mins:
1, 1.60584, 2.29085, 
y_maxs:
1, 1.6238, 2.35164, 

Two Sided Runge-Kutta Method, h = 0.25
y_mins:
1, 1.27976, 1.61254, 1.97203, 2.31165, 
y_maxs:
1, 1.28152, 1.6177, 1.98239, 2.32839, 

Two Sided Runge-Kutta Method, h = 0.01
y_mins:
1, 1.01005, 1.0202, 1.03045, 1.0408, 1.05125, 1.0618, 1.07245, 1.08319, 1.09404, 1.10499, 1.11603, 1.12717, 1.13841, 1.14975, 1.16118, 1.17271, 1.18434, 1.19606, 1.20787, 1.21978, 1.23178, 1.24387, 1.25606, 1.26833, 1.28069, 1.29315, 1.30569, 1.31831, 1.33103, 1.34382, 1.3567, 1.36966, 1.3827, 1.39582, 1.40902, 1.4223, 1.43564, 1.44906, 1.46256, 1.47612, 1.48975, 1.50344, 1.5172, 1.53102, 1.54491, 1.55885, 1.57284, 1.58689, 1.60099, 1.61514, 1.62934, 1.64358, 1.65786, 1.67219, 1.68655, 1.70094, 1.71537, 1.72983, 1.74431, 1.75881, 1.77334, 1.78788, 1.80244, 1.81701, 1.83159, 1.84617, 1.86075, 1.87534, 1.88992, 1.90449, 1.91905, 1.93359, 1.94812, 1.96263, 1.97711, 1.99156, 2.00598, 2.02036, 2.0347, 2.049, 2.06325, 2.07745, 2.09159, 2.10568, 2.1197, 2.13366, 2.14754, 2.16135, 2.17508, 2.18873, 2.20229, 2.21576, 2.22914, 2.24241, 2.25559, 2.26865, 2.28161, 2.29445, 2.30717, 2.31976, 
y_maxs:
1, 1.01005, 1.0202, 1.03045, 1.0408, 1.05125, 1.0618, 1.07245, 1.0832, 1.09404, 1.10499, 1.11603, 1.12717, 1.13841, 1.14975, 1.16118, 1.17271, 1.18434, 1.19606, 1.20787, 1.21978, 1.23178, 1.24387, 1.25606, 1.26833, 1.2807, 1.29315, 1.30569, 1.31832, 1.33103, 1.34383, 1.35671, 1.36967, 1.38271, 1.39583, 1.40903, 1.4223, 1.43565, 1.44907, 1.46256, 1.47613, 1.48975, 1.50345, 1.51721, 1.53103, 1.54491, 1.55885, 1.57285, 1.5869, 1.601, 1.61515, 1.62935, 1.64359, 1.65787, 1.6722, 1.68656, 1.70095, 1.71538, 1.72984, 1.74432, 1.75883, 1.77335, 1.7879, 1.80245, 1.81702, 1.8316, 1.84618, 1.86077, 1.87535, 1.88993, 1.9045, 1.91907, 1.93361, 1.94814, 1.96264, 1.97712, 1.99158, 2.00599, 2.02038, 2.03472, 2.04902, 2.06327, 2.07747, 2.09162, 2.1057, 2.11972, 2.13368, 2.14756, 2.16137, 2.17511, 2.18875, 2.20232, 2.21579, 2.22916, 2.24244, 2.25561, 2.26868, 2.28163, 2.29447, 2.30719, 2.31979, 

Two Sided Runge-Kutta Method, h = 0.005
y_mins:
1, 1.00501, 1.01005, 1.01511, 1.0202, 1.02531, 1.03045, 1.03561, 1.0408, 1.04601, 1.05125, 1.05651, 1.0618, 1.06711, 1.07245, 1.07781, 1.08319, 1.08861, 1.09404, 1.0995, 1.10499, 1.1105, 1.11603, 1.12159, 1.12717, 1.13278, 1.13841, 1.14407, 1.14975, 1.15545, 1.16118, 1.16693, 1.17271, 1.17851, 1.18434, 1.19018, 1.19606, 1.20195, 1.20787, 1.21381, 1.21978, 1.22577, 1.23178, 1.23781, 1.24387, 1.24995, 1.25606, 1.26218, 1.26833, 1.2745, 1.2807, 1.28691, 1.29315, 1.29941, 1.30569, 1.31199, 1.31832, 1.32466, 1.33103, 1.33742, 1.34382, 1.35025, 1.3567, 1.36317, 1.36966, 1.37618, 1.38271, 1.38926, 1.39583, 1.40242, 1.40902, 1.41565, 1.4223, 1.42896, 1.43565, 1.44235, 1.44907, 1.4558, 1.46256, 1.46933, 1.47612, 1.48293, 1.48975, 1.49659, 1.50345, 1.51032, 1.51721, 1.52411, 1.53103, 1.53796, 1.54491, 1.55187, 1.55885, 1.56584, 1.57284, 1.57986, 1.58689, 1.59394, 1.60099, 1.60806, 1.61515, 1.62224, 1.62934, 1.63646, 1.64358, 1.65072, 1.65787, 1.66503, 1.67219, 1.67937, 1.68655, 1.69375, 1.70095, 1.70816, 1.71537, 1.7226, 1.72983, 1.73707, 1.74431, 1.75156, 1.75882, 1.76608, 1.77334, 1.78061, 1.78789, 1.79516, 1.80244, 1.80973, 1.81701, 1.8243, 1.83159, 1.83888, 1.84617, 1.85347, 1.86076, 1.86805, 1.87534, 1.88263, 1.88992, 1.89721, 1.90449, 1.91178, 1.91905, 1.92633, 1.9336, 1.94087, 1.94813, 1.95538, 1.96263, 1.96988, 1.97711, 1.98434, 1.99156, 1.99878, 2.00598, 2.01318, 2.02036, 2.02754, 2.03471, 2.04186, 2.04901, 2.05614, 2.06326, 2.07036, 2.07746, 2.08454, 2.0916, 2.09865, 2.10569, 2.11271, 2.11971, 2.1267, 2.13367, 2.14062, 2.14755, 2.15446, 2.16136, 2.16824, 2.17509, 2.18193, 2.18874, 2.19553, 2.2023, 2.20905, 2.21577, 2.22247, 2.22915, 2.2358, 2.24242, 2.24902, 2.2556, 2.26214, 2.26866, 2.27515, 2.28162, 2.28805, 2.29446, 2.30083, 2.30718, 2.31349, 2.31977, 
y_maxs:
1, 1.00501, 1.01005, 1.01511, 1.0202, 1.02531, 1.03045, 1.03561, 1.0408, 1.04601, 1.05125, 1.05651, 1.0618, 1.06711, 1.07245, 1.07781, 1.08319, 1.08861, 1.09404, 1.0995, 1.10499, 1.1105, 1.11603, 1.12159, 1.12717, 1.13278, 1.13841, 1.14407, 1.14975, 1.15545, 1.16118, 1.16693, 1.17271, 1.17851, 1.18434, 1.19018, 1.19606, 1.20195, 1.20787, 1.21381, 1.21978, 1.22577, 1.23178, 1.23781, 1.24387, 1.24995, 1.25606, 1.26218, 1.26833, 1.2745, 1.2807, 1.28691, 1.29315, 1.29941, 1.30569, 1.31199, 1.31832, 1.32466, 1.33103, 1.33742, 1.34383, 1.35026, 1.35671, 1.36318, 1.36967, 1.37618, 1.38271, 1.38926, 1.39583, 1.40242, 1.40903, 1.41565, 1.4223, 1.42896, 1.43565, 1.44235, 1.44907, 1.45581, 1.46256, 1.46933, 1.47612, 1.48293, 1.48975, 1.49659, 1.50345, 1.51032, 1.51721, 1.52411, 1.53103, 1.53796, 1.54491, 1.55187, 1.55885, 1.56584, 1.57285, 1.57986, 1.5869, 1.59394, 1.601, 1.60807, 1.61515, 1.62224, 1.62934, 1.63646, 1.64359, 1.65072, 1.65787, 1.66503, 1.67219, 1.67937, 1.68656, 1.69375, 1.70095, 1.70816, 1.71538, 1.7226, 1.72983, 1.73707, 1.74431, 1.75156, 1.75882, 1.76608, 1.77335, 1.78062, 1.78789, 1.79517, 1.80245, 1.80973, 1.81702, 1.82431, 1.8316, 1.83889, 1.84618, 1.85347, 1.86076, 1.86806, 1.87535, 1.88264, 1.88993, 1.89721, 1.9045, 1.91178, 1.91906, 1.92633, 1.9336, 1.94087, 1.94813, 1.95539, 1.96264, 1.96988, 1.97712, 1.98435, 1.99157, 1.99878, 2.00599, 2.01318, 2.02037, 2.02755, 2.03471, 2.04187, 2.04901, 2.05614, 2.06326, 2.07037, 2.07746, 2.08454, 2.09161, 2.09866, 2.10569, 2.11271, 2.11972, 2.1267, 2.13367, 2.14062, 2.14756, 2.15447, 2.16137, 2.16824, 2.1751, 2.18193, 2.18875, 2.19554, 2.20231, 2.20905, 2.21578, 2.22248, 2.22915, 2.2358, 2.24243, 2.24903, 2.2556, 2.26215, 2.26867, 2.27516, 2.28162, 2.28806, 2.29446, 2.30084, 2.30718, 2.3135, 2.31978, 

Two Sided Runge-Kutta Method, h = 0.005
y_mins:
1, 1.00501, 1.01005, 1.01511, 1.0202, 1.02531, 1.03045, 1.03561, 1.0408, 1.04601, 1.05125, 1.05651, 1.0618, 1.06711, 1.07245, 1.07781, 1.08319, 1.08861, 1.09404, 1.0995, 1.10499, 1.1105, 1.11603, 1.12159, 1.12717, 1.13278, 1.13841, 1.14407, 1.14975, 1.15545, 1.16118, 1.16693, 1.17271, 1.17851, 1.18434, 1.19018, 1.19606, 1.20195, 1.20787, 1.21381, 1.21978, 1.22577, 1.23178, 1.23781, 1.24387, 1.24995, 1.25606, 1.26218, 1.26833, 1.2745, 1.2807, 1.28691, 1.29315, 1.29941, 1.30569, 1.31199, 1.31832, 1.32466, 1.33103, 1.33742, 1.34382, 1.35025, 1.3567, 1.36317, 1.36966, 1.37618, 1.38271, 1.38926, 1.39583, 1.40242, 1.40902, 1.41565, 1.4223, 1.42896, 1.43565, 1.44235, 1.44907, 1.4558, 1.46256, 1.46933, 1.47612, 1.48293, 1.48975, 1.49659, 1.50345, 1.51032, 1.51721, 1.52411, 1.53103, 1.53796, 1.54491, 1.55187, 1.55885, 1.56584, 1.57284, 1.57986, 1.58689, 1.59394, 1.60099, 1.60806, 1.61515, 1.62224, 1.62934, 1.63646, 1.64358, 1.65072, 1.65787, 1.66503, 1.67219, 1.67937, 1.68655, 1.69375, 1.70095, 1.70816, 1.71537, 1.7226, 1.72983, 1.73707, 1.74431, 1.75156, 1.75882, 1.76608, 1.77334, 1.78061, 1.78789, 1.79516, 1.80244, 1.80973, 1.81701, 1.8243, 1.83159, 1.83888, 1.84617, 1.85347, 1.86076, 1.86805, 1.87534, 1.88263, 1.88992, 1.89721, 1.90449, 1.91178, 1.91905, 1.92633, 1.9336, 1.94087, 1.94813, 1.95538, 1.96263, 1.96988, 1.97711, 1.98434, 1.99156, 1.99878, 2.00598, 2.01318, 2.02036, 2.02754, 2.03471, 2.04186, 2.04901, 2.05614, 2.06326, 2.07036, 2.07746, 2.08454, 2.0916, 2.09865, 2.10569, 2.11271, 2.11971, 2.1267, 2.13367, 2.14062, 2.14755, 2.15446, 2.16136, 2.16824, 2.17509, 2.18193, 2.18874, 2.19553, 2.2023, 2.20905, 2.21577, 2.22247, 2.22915, 2.2358, 2.24242, 2.24902, 2.2556, 2.26214, 2.26866, 2.27515, 2.28162, 2.28805, 2.29446, 2.30083, 2.30718, 2.31349, 2.31977, 
y_maxs:
1, 1.00501, 1.01005, 1.01511, 1.0202, 1.02531, 1.03045, 1.03561, 1.0408, 1.04601, 1.05125, 1.05651, 1.0618, 1.06711, 1.07245, 1.07781, 1.08319, 1.08861, 1.09404, 1.0995, 1.10499, 1.1105, 1.11603, 1.12159, 1.12717, 1.13278, 1.13841, 1.14407, 1.14975, 1.15545, 1.16118, 1.16693, 1.17271, 1.17851, 1.18434, 1.19018, 1.19606, 1.20195, 1.20787, 1.21381, 1.21978, 1.22577, 1.23178, 1.23781, 1.24387, 1.24995, 1.25606, 1.26218, 1.26833, 1.2745, 1.2807, 1.28691, 1.29315, 1.29941, 1.30569, 1.31199, 1.31832, 1.32466, 1.33103, 1.33742, 1.34383, 1.35026, 1.35671, 1.36318, 1.36967, 1.37618, 1.38271, 1.38926, 1.39583, 1.40242, 1.40903, 1.41565, 1.4223, 1.42896, 1.43565, 1.44235, 1.44907, 1.45581, 1.46256, 1.46933, 1.47612, 1.48293, 1.48975, 1.49659, 1.50345, 1.51032, 1.51721, 1.52411, 1.53103, 1.53796, 1.54491, 1.55187, 1.55885, 1.56584, 1.57285, 1.57986, 1.5869, 1.59394, 1.601, 1.60807, 1.61515, 1.62224, 1.62934, 1.63646, 1.64359, 1.65072, 1.65787, 1.66503, 1.67219, 1.67937, 1.68656, 1.69375, 1.70095, 1.70816, 1.71538, 1.7226, 1.72983, 1.73707, 1.74431, 1.75156, 1.75882, 1.76608, 1.77335, 1.78062, 1.78789, 1.79517, 1.80245, 1.80973, 1.81702, 1.82431, 1.8316, 1.83889, 1.84618, 1.85347, 1.86076, 1.86806, 1.87535, 1.88264, 1.88993, 1.89721, 1.9045, 1.91178, 1.91906, 1.92633, 1.9336, 1.94087, 1.94813, 1.95539, 1.96264, 1.96988, 1.97712, 1.98435, 1.99157, 1.99878, 2.00599, 2.01318, 2.02037, 2.02755, 2.03471, 2.04187, 2.04901, 2.05614, 2.06326, 2.07037, 2.07746, 2.08454, 2.09161, 2.09866, 2.10569, 2.11271, 2.11972, 2.1267, 2.13367, 2.14062, 2.14756, 2.15447, 2.16137, 2.16824, 2.1751, 2.18193, 2.18875, 2.19554, 2.20231, 2.20905, 2.21578, 2.22248, 2.22915, 2.2358, 2.24243, 2.24903, 2.2556, 2.26215, 2.26867, 2.27516, 2.28162, 2.28806, 2.29446, 2.30084, 2.30718, 2.3135, 2.31978, 